inherited SettingsFrame: TSettingsFrame
  Align = Client
  Size.Width = 347.000000000000000000
  Size.Height = 303.000000000000000000
  object ButtonLayout: TLayout
    Align = Bottom
    Padding.Left = 2.000000000000000000
    Padding.Top = 2.000000000000000000
    Padding.Right = 2.000000000000000000
    Padding.Bottom = 2.000000000000000000
    Margins.Left = 2.000000000000000000
    Margins.Top = 2.000000000000000000
    Margins.Right = 2.000000000000000000
    Margins.Bottom = 2.000000000000000000
    Position.X = 2.000000000000000000
    Position.Y = 264.000000000000000000
    Size.Width = 343.000000000000000000
    Size.Height = 37.000000000000000000
    Size.PlatformDefault = False
    TabOrder = 0
    object SaveButton: TButton
      Action = SaveAction
      Align = Right
      Enabled = True
      ImageIndex = 3
      Margins.Left = 2.000000000000000000
      Margins.Top = 2.000000000000000000
      Margins.Right = 2.000000000000000000
      Margins.Bottom = 2.000000000000000000
      Position.X = 271.945953369140600000
      Position.Y = 4.000000000000000000
      Size.Width = 67.054046630859380000
      Size.Height = 29.000000000000000000
      Size.PlatformDefault = False
      TabOrder = 1
      OnClick = SaveButtonClick
    end
    object CancelButton: TButton
      Action = CancelAction
      Align = Right
      Enabled = False
      ImageIndex = 5
      Margins.Left = 2.000000000000000000
      Margins.Top = 2.000000000000000000
      Margins.Right = 2.000000000000000000
      Margins.Bottom = 2.000000000000000000
      Position.X = 200.945953369140600000
      Position.Y = 4.000000000000000000
      Size.Width = 67.000000000000000000
      Size.Height = 29.000000000000000000
      Size.PlatformDefault = False
      TabOrder = 0
    end
  end
  object MainLayout: TLayout
    Align = Client
    Padding.Left = 3.000000000000000000
    Padding.Top = 3.000000000000000000
    Padding.Right = 3.000000000000000000
    Padding.Bottom = 3.000000000000000000
    Size.Width = 347.000000000000000000
    Size.Height = 262.000000000000000000
    Size.PlatformDefault = False
    TabOrder = 1
    object Layout1: TLayout
      Align = Top
      Position.X = 3.000000000000000000
      Position.Y = 3.000000000000000000
      Size.Width = 341.000000000000000000
      Size.Height = 30.000000000000000000
      Size.PlatformDefault = False
      TabOrder = 0
      object AdvancedOptionsLabel: TLabel
        Align = Left
        Size.Width = 185.000000000000000000
        Size.Height = 30.000000000000000000
        Size.PlatformDefault = False
        Text = 'Show advanced options'
        TabOrder = 0
      end
      object AdvancedOptionsSwitch: TSwitch
        Align = Right
        IsChecked = False
        Position.X = 263.000000000000000000
        Size.Width = 78.000000000000000000
        Size.Height = 30.000000000000000000
        Size.PlatformDefault = False
        TabOrder = 1
        OnSwitch = AdvancedOptionsSwitchSwitch
      end
    end
  end
  object ActionList: TActionList
    Left = 160
    Top = 136
    object SaveAction: TAction
      Text = 'Save'
      ImageIndex = 3
      ImageIndex = 3
    end
    object CancelAction: TAction
      Text = 'Cancel'
      Enabled = False
      ImageIndex = 5
      ImageIndex = 5
    end
  end
end
